143 495
34 12 55
102 82 74
78 47 21
21 126 99
22 102 47
7 136 52
75 4 17
18 71 58
83 135 43
131 75 97
50 28 44
104 128 57
12 115 15
44 143 18
49 136 23
20 139 22
123 51 98
96 132 64
58 8 93
68 15 21
125 136 49
70 49 25
114 54 56
143 34 46
9 64 43
63 29 11
113 72 73
3 99 93
141 90 25
75 21 83
133 107 50
111 31 66
20 57 82
24 45 40
12 137 28
28 102 79
49 86 26
126 121 32
106 87 29
64 75 4
23 103 18
112 26 59
35 41 52
109 135 76
95 53 44
66 114 92
122 92 78
42 11 12
119 71 4
115 101 43
85 101 32
114 70 22
67 16 19
142 63 82
90 11 39
73 33 86
57 5 92
43 130 26
35 36 67
88 45 98
106 114 51
115 123 76
76 105 71
125 133 16
7 9 68
24 38 14
1 129 77
92 3 42
8 131 80
15 8 51
80 92 78
83 129 43
113 107 17
52 70 23
137 116 26
141 24 51
46 14 36
46 70 44
78 93 90
138 25 1
98 87 66
8 19 81
139 94 71
113 46 24
66 138 48
19 115 31
56 40 53
111 23 47
101 29 33
132 36 30
41 123 56
133 12 59
52 86 35
129 142 93
34 40 93
49 30 92
43 80 15
71 133 89
32 127 86
31 99 37
30 6 97
71 24 39
57 50 89
77 40 67
72 47 71
105 20 35
96 115 58
138 16 14
112 69 90
42 92 79
14 111 30
34 103 28
71 11 68
24 140 1
72 39 26
8 17 7
124 81 55
75 101 64
83 2 95
122 51 21
6 18 86
22 21 2
62 27 10
136 121 51
94 91 6
96 10 9
22 13 34
32 30 13
10 143 27
68 42 62
60 92 100
7 5 69
126 92 84
89 14 43
81 128 57
34 96 90
86 85 23
94 81 91
93 61 97
39 123 3
135 142 11
111 15 10
38 83 88
105 138 4
81 15 26
28 71 53
53 115 95
24 13 27
70 6 11
54 130 19
118 95 98
32 86 30
65 111 85
113 142 94
85 44 88
51 136 26
117 116 51
74 23 42
57 1 10
105 95 37
10 135 49
126 21 41
22 70 5
132 37 63
72 128 98
46 78 23
15 18 20
5 102 74
8 121 76
75 105 6
73 2 28
136 67 56
43 42 89
82 107 26
22 117 85
56 112 44
136 30 12
63 43 76
114 7 34
25 100 37
54 2 98
50 103 7
127 100 61
106 116 34
9 62 37
137 99 37
104 126 1
107 55 99
133 115 67
33 21 36
62 136 80
98 16 97
33 63 60
109 15 61
15 78 43
80 132 57
68 5 7
7 121 80
133 81 37
94 81 62
101 65 10
17 36 66
21 105 79
138 104 97
88 76 14
67 124 47
80 92 96
78 110 71
33 36 74
56 131 20
74 46 29
3 71 48
58 62 95
85 97 93
35 128 96
12 93 21
29 123 21
125 9 12
57 113 74
8 26 53
49 33 31
52 70 77
112 16 35
135 44 80
69 89 58
90 99 57
22 6 90
11 29 9
75 23 65
83 94 22
23 75 61
13 58 9
136 14 34
31 52 11
136 29 32
94 82 3
127 42 78
143 72 35
37 79 48
123 120 83
91 44 58
125 112 1
107 67 41
130 31 75
112 8 17
104 83 25
17 141 69
99 36 30
20 6 2
11 135 31
81 18 96
132 6 15
123 5 3
31 81 51
55 60 32
64 130 73
6 62 98
80 129 89
54 38 1
22 25 67
5 113 50
95 78 100
1 65 59
89 67 1
32 108 9
115 21 40
22 37 59
125 61 39
14 39 64
85 1 87
15 80 64
132 53 95
71 109 37
31 21 14
86 126 83
118 84 98
33 31 57
126 95 22
64 98 97
132 109 31
140 25 51
124 70 50
29 110 54
39 127 50
94 124 93
47 8 88
98 23 48
17 112 5
106 75 75
86 75 9
63 131 10
71 6 29
4 119 75
113 132 85
40 86 60
99 79 89
47 67 30
36 31 76
9 23 17
75 2 94
131 35 16
76 121 63
88 47 61
57 134 68
119 1 72
98 73 35
84 4 14
69 126 60
112 27 6
40 34 45
100 56 60
42 98 59
9 30 42
55 96 93
23 143 69
33 65 85
97 135 1
122 24 38
68 104 45
107 77 93
63 4 13
49 103 62
43 38 7
49 103 71
138 123 26
52 138 61
18 37 15
132 92 35
96 71 32
92 78 42
13 122 94
34 99 42
21 127 28
48 88 21
139 3 35
90 39 94
108 98 56
131 51 94
107 18 2
81 54 26
79 60 8
81 102 84
92 104 63
72 31 84
45 33 60
7 121 27
135 9 38
25 98 36
126 74 60
107 40 44
17 100 7
46 14 33
7 127 43
80 50 28
11 132 53
90 133 7
59 34 14
57 56 21
63 83 31
122 11 86
125 62 87
74 92 73
84 50 12
76 53 12
143 135 43
2 75 91
119 61 62
31 12 30
28 48 63
29 24 83
59 82 35
79 28 65
73 111 96
64 132 84
15 34 54
52 91 83
19 32 35
32 57 24
81 121 61
138 95 39
78 97 61
92 123 58
120 115 35
141 83 52
70 38 96
137 5 42
46 65 51
44 86 66
13 38 81
26 28 78
86 36 11
91 3 62
127 95 36
92 96 76
62 31 94
23 143 13
64 117 27
49 104 100
2 22 88
25 29 39
122 71 94
57 10 17
124 37 94
88 96 18
124 95 72
116 87 36
72 133 90
44 108 62
52 62 47
39 119 53
39 17 14
113 25 46
22 4 40
129 59 27
100 104 67
56 139 9
10 23 89
16 59 80
93 71 23
122 61 45
12 63 47
11 66 93
51 29 55
103 143 54
21 136 93
69 91 22
8 110 92
61 111 94
71 3 97
38 22 57
72 102 97
121 41 71
135 137 24
143 126 37
39 31 38
119 86 58
91 114 68
48 134 97
57 42 76
56 6 14
65 52 32
121 26 60
14 32 73
131 86 36
131 104 72
57 24 36
32 70 45
39 8 26
51 114 4
130 88 78
5 45 81
12 69 94
115 125 44
36 69 9
114 47 63
21 17 81
70 94 97
115 42 27
122 61 26
29 43 18
45 39 47
131 123 80
73 107 56
111 44 33
21 7 45
78 39 63
42 102 97
8 97 66
119 74 65
32 31 63
120 16 14
99 116 48
134 55 93
99 45 6
37 91 61
49 37 26
72 102 46
74 19 41
80 86 55
110 84 31
81 5 80
18 121 73
32 37 87
77 26 55
92 19 33
55 140 46
4 33 48
66 58 62
138 70 60
136 51 54
5 110 57
99 64 33
79 90 77
52 80 7
87 129 31
